1 BaseStation 380 520 0.0 0 200 1000 BaseStation 1 1
2 A 430 520 0.0 200 200 1000 Explorer 1 1
3 B 390 520 0.0 200 200 1000 Explorer 1 1
4 C 390 520 3.14 200 200 1000 Explorer 1 1
5 D 410 520 3.14 200 200 1000 Explorer 1 1
6 E 390 500 3.14 200 200 1000 Explorer 1 1
7 F 390 520 0.0 200 200 1000 Explorer 1 1
8 G 430 520 3.14 200 200 1000 Explorer 1 1
9 H 390 500 3.14 200 200 1000 Explorer 1 1
10 I 430 520 0.0 200 200 1000 Explorer 1 1
11 J 390 520 0.0 200 200 1000 Explorer 1 1
12 K 390 500 3.14 200 200 1000 Explorer 1 1
13 L 390 520 3.14 200 200 1000 Explorer 1 1
14 M 410 520 3.14 200 200 1000 Explorer 1 1
15 N 390 500 3.14 200 200 1000 Explorer 1 1
16 O 390 520 0.0 200 200 1000 Explorer 1 1
17 P 430 520 3.14 200 200 1000 Explorer 1 1
